



 the first value:
1110000100011111
1010000101110010
0011000110111111
0001000011001101




 the second value:
1110000100011110
1010000111110010
0011001110111111
0011100011001101







 the differential:
0000000000000001
0000000010000000
0000001000000000
0010100000000000




K:
1110000100011111
0100001000011110
1100100011111001
0100000011111111
0000011101110101
0001010100100110
0001000101110001
0110010010111000
1101101000101111
1100010000001101



K_1:
1110000100011110
0100001000011010
1100100011101001
0100000011111111
0000011101110101
0001010100100110
1001000101110001
1110010010111010
0101101000100111
0100010100100111



DK:
0000000000000001
0000000000000100
0000000000010000
0000000000000000
0000000000000000
0000000000000000
1000000000000000
1000000000000010
1000000000001000
1000000100101010



